PSB:EC1.0 		1997
6	6A	0D
1	uL1		5	V	0.029303126	-59.99814949	0.00E+00	0	4095	2.20E+05	1.00E+02	s
2	uL2		6	V	0.029182242	-59.74792576	0.00E+00	0	4095	2.20E+05	1.00E+02	s
3	uL3		7	V	0.029182242	-59.7533537	0.00E+00	0	4095	2.20E+05	1.00E+02	s
4	iL1-s1		162	A	0.001465144	-2.99988224	0.00E+00	0	4095	2.50E+03	1.00E+00	s
5	iL2-s1		163	A	0.00145964	-2.988786412	0.00E+00	0	4095	2.50E+03	1.00E+00	s
6	iL3-s1		164	A	0.00145964	-2.988440997	0.00E+00	0	4095	2.50E+03	1.00E+00	s
50.00
1
1000.000000	2000
04/08/2022	21:56:50
04/08/2022	21:56:50
ASCII
1.0
